demandId,sourceId,sinkId,demandVolume,arriveTime
0,516,333,75,16
1,817,771,70,41
2,49,33,80,24
3,261,313,75,6
4,668,479,75,43
5,891,202,80,21
6,115,144,55,41
7,958,731,80,30
8,789,551,90,40
9,699,963,80,17
10,462,449,50,5
11,783,212,95,15
12,661,657,75,49
13,502,174,90,13
14,702,174,50,9
15,363,732,80,14
16,821,868,50,7
17,986,253,75,38
18,337,732,85,43
19,396,624,100,11
20,333,737,60,19
21,274,640,60,10
22,869,236,90,19
23,37,879,90,49
24,528,71,65,21
25,452,486,100,40
26,863,436,60,32
27,286,261,80,28
28,268,269,90,5
29,840,548,95,42
30,487,618,90,18
31,722,804,80,43
32,658,703,50,7
33,247,660,100,34
34,550,468,50,19
35,896,552,50,15
36,601,541,65,21
37,907,909,90,2
38,314,323,55,23
39,858,491,65,30
40,698,141,65,25
41,38,830,90,27
42,728,259,80,49
43,927,209,85,8
44,607,461,75,22
45,244,582,70,19
46,1000,116,80,3
47,31,402,75,17
48,967,903,95,11
49,530,888,80,4
50,729,592,95,29
51,172,150,85,19
52,16,190,80,42
53,17,65,60,33
54,473,445,60,5
55,932,31,100,23
56,733,396,65,27
57,838,303,70,41
58,816,96,95,6
59,920,567,55,40
60,666,250,60,47
61,604,523,90,24
62,283,432,80,30
63,200,323,100,45
64,853,693,60,34
65,4,204,75,49
66,469,856,50,12
67,4,379,55,24
68,967,338,75,48
69,449,855,100,44
70,925,706,65,37
71,996,919,65,3
72,276,95,100,33
73,939,380,85,23
74,726,93,75,37
75,289,2,60,7
76,103,409,60,26
77,791,634,60,28
78,377,792,70,15
79,441,430,95,25
80,568,145,80,32
81,164,398,100,34
82,541,240,70,20
83,484,542,80,2
84,801,630,85,37
85,380,823,95,3
86,372,465,85,23
87,919,387,55,44
88,130,23,95,46
89,442,903,95,8
90,466,870,95,34
91,390,16,55,31
92,567,876,85,25
93,957,143,75,6
94,370,344,60,38
95,472,499,100,46
96,688,766,70,21
97,395,617,55,21
98,99,555,95,12
99,288,95,75,15
100,963,142,100,8
101,167,145,80,19
102,343,525,95,36
103,55,831,60,35
104,739,749,100,50
105,108,844,65,35
106,382,498,100,23
107,327,446,100,38
108,3,866,85,19
109,865,891,85,30
110,728,589,80,24
111,65,648,80,22
112,420,282,95,4
113,176,217,85,3
114,868,886,75,22
115,516,167,70,48
116,909,739,95,18
117,6,60,100,47
118,165,706,65,42
119,247,93,70,16
120,75,399,80,36
121,7,494,85,44
122,966,576,85,8
123,94,119,75,28
124,626,183,95,13
125,836,673,60,48
126,438,83,50,39
127,762,372,70,41
128,55,841,50,33
129,45,34,80,46
130,608,322,65,21
131,980,496,55,24
132,899,517,65,25
133,576,729,95,31
134,233,831,85,9
135,424,608,50,44
136,886,879,50,9
137,610,264,55,23
138,785,119,100,18
139,983,640,85,31
140,486,208,65,20
141,219,924,95,18
142,37,265,65,44
143,361,794,55,44
144,228,702,70,46
145,914,304,90,32
146,449,263,60,13
147,346,893,75,25
148,543,62,85,34
149,559,446,75,27
150,459,199,70,8
151,735,258,65,23
152,561,311,70,43
153,820,234,100,33
154,416,937,70,8
155,339,343,80,36
156,950,284,75,43
157,369,460,75,31
158,82,373,65,41
159,211,579,100,22
160,609,35,60,17
161,924,785,60,36
162,506,645,75,25
163,683,615,75,37
164,103,974,50,45
165,474,798,95,24
166,98,616,85,49
167,146,337,95,21
168,699,399,85,25
169,173,650,90,8
170,942,240,100,28
171,716,964,80,4
172,1,915,60,35
173,187,449,70,42
174,893,986,100,9
175,881,428,65,28
176,81,328,60,17
177,884,737,65,49
178,990,818,100,42
179,451,649,70,30
180,33,449,50,21
181,103,784,50,31
182,865,133,55,18
183,954,363,80,39
184,660,29,85,42
185,50,10,55,18
186,981,694,85,44
187,792,739,95,33
188,4,285,65,20
189,900,220,55,37
190,66,74,75,47
191,979,227,75,38
192,902,631,75,4
193,983,559,90,47
194,932,383,65,33
195,151,47,70,25
196,35,61,80,4
197,584,964,55,31
198,408,585,50,14
199,76,560,95,26
200,489,270,55,3
201,491,513,55,31
202,734,912,75,41
203,584,869,100,3
204,883,231,100,4
205,503,470,55,30
206,343,336,50,26
207,649,357,85,38
208,506,218,100,19
209,262,134,95,4
210,293,109,85,36
211,189,597,80,46
212,678,970,95,13
213,225,809,90,22
214,877,98,75,45
215,586,41,55,27
216,860,694,60,9
217,6,653,75,39
218,523,260,65,44
219,908,925,90,39
220,403,455,80,30
221,632,950,80,45
222,981,999,65,24
223,343,773,65,29
224,332,878,85,17
225,90,176,75,45
226,320,172,75,47
227,977,864,90,40
228,817,9,80,4
229,469,379,85,5
230,80,262,85,10
231,912,26,60,36
232,2,930,90,15
233,821,353,70,7
234,731,770,65,16
235,194,442,75,8
236,102,663,65,41
237,70,362,50,6
238,535,587,70,14
239,703,375,50,40
240,109,792,85,21
241,217,549,60,33
242,748,603,100,21
243,707,997,95,16
244,391,570,80,27
245,769,792,100,16
246,491,548,75,32
247,69,561,95,28
248,521,931,85,6
249,823,522,70,35
250,888,55,50,14
251,173,740,100,2
252,2,56,100,5
253,630,302,85,45
254,139,679,65,25
255,259,91,100,29
256,286,671,75,37
257,947,768,60,26
258,68,432,50,34
259,592,617,60,23
260,690,130,60,44
261,131,37,80,17
262,284,960,85,39
263,225,873,70,47
264,510,368,55,11
265,713,897,90,50
266,736,199,90,26
267,516,96,80,39
268,417,260,55,7
269,699,845,60,45
270,958,849,60,14
271,365,408,60,6
272,626,551,70,42
273,701,24,100,12
274,426,700,75,12
275,481,306,80,7
276,882,968,55,39
277,123,967,85,43
278,254,863,90,38
279,69,635,60,23
280,155,582,95,21
281,962,122,80,50
282,514,58,75,30
283,993,862,70,42
284,472,977,100,19
285,393,240,80,25
286,87,585,65,13
287,798,782,75,45
288,672,38,75,19
289,401,202,70,6
290,735,231,55,35
291,9,310,55,46
292,172,465,90,44
293,395,138,75,7
294,91,303,65,26
295,222,805,85,14
296,942,849,90,3
297,273,690,100,23
298,547,753,60,5
299,758,638,65,37
300,655,246,100,43
301,674,616,90,8
302,270,226,95,15
303,825,246,85,48
304,970,472,80,34
305,911,375,70,8
306,545,242,90,19
307,973,208,85,7
308,829,707,70,26
309,724,855,100,10
310,416,29,60,3
311,379,885,55,18
312,939,707,100,35
313,512,339,65,14
314,601,730,65,22
315,740,791,70,5
316,970,205,55,9
317,448,380,60,30
318,403,396,60,36
319,986,827,65,26
320,928,288,50,14
321,352,293,50,34
322,587,341,85,27
323,521,90,70,31
324,779,409,85,4
325,806,963,95,2
326,407,310,80,44
327,116,874,100,32
328,465,891,80,8
329,246,377,90,17
330,273,186,85,26
331,54,684,60,49
332,254,812,95,25
333,837,120,50,32
334,908,317,80,43
335,464,581,85,46
336,232,107,55,42
337,31,547,80,13
338,508,963,55,33
339,942,172,60,4
340,82,378,70,36
341,95,939,90,35
342,326,161,80,37
343,757,918,50,44
344,266,274,70,8
345,50,116,90,26
346,891,664,95,16
347,709,542,50,16
348,897,760,100,12
349,927,456,80,21
350,592,441,100,23
351,417,193,80,18
352,115,286,95,29
353,948,782,85,21
354,835,157,55,39
355,26,950,95,7
356,665,532,80,4
357,38,26,75,47
358,877,699,100,50
359,68,317,65,40
360,679,868,100,3
361,436,28,80,18
362,991,588,95,4
363,788,941,95,48
364,542,826,85,43
365,507,169,50,16
366,125,203,70,10
367,360,727,75,44
368,181,929,55,47
369,590,744,95,30
370,803,253,100,5
371,990,631,55,37
372,932,241,55,49
373,656,710,75,37
374,233,717,95,8
375,2,295,65,27
376,708,711,90,11
377,801,363,95,27
378,434,438,85,2
379,996,36,85,19
380,930,51,60,9
381,47,524,75,17
382,807,983,55,40
383,850,875,65,42
384,102,15,80,48
385,406,103,60,23
386,915,986,60,27
387,724,92,50,10
388,683,813,60,9
389,946,725,80,38
390,799,413,50,37
391,454,772,90,31
392,215,994,75,19
393,146,976,90,2
394,650,109,60,40
395,260,158,65,14
396,735,836,75,36
397,183,752,65,50
398,59,387,90,21
399,217,381,65,45
400,249,854,95,42
401,886,818,55,2
402,545,57,80,25
403,283,108,85,17
404,498,686,75,7
405,791,125,85,21
406,153,14,75,18
407,226,794,80,38
408,677,59,65,46
409,680,409,75,9
410,673,375,50,12
411,749,284,55,21
412,371,327,50,50
413,819,179,55,11
414,378,89,90,17
415,74,80,65,7
416,338,439,95,23
417,591,739,75,34
418,606,329,100,39
419,367,825,85,38
420,823,1,95,2
421,260,173,65,23
422,683,16,95,31
423,99,140,55,33
424,154,315,85,7
425,586,250,85,46
426,928,970,50,14
427,545,581,50,24
428,38,580,80,34
429,221,76,85,5
430,915,496,95,21
431,136,449,55,10
432,472,983,70,46
433,665,558,80,2
434,861,653,75,7
435,208,119,80,18
436,337,317,90,16
437,187,239,100,42
438,163,124,90,39
439,863,25,75,15
440,827,388,65,30
441,577,656,80,37
442,492,8,70,9
443,144,431,90,31
444,406,314,80,31
445,509,411,85,44
446,608,461,80,5
447,430,836,50,26
448,437,708,70,16
449,879,339,70,22
450,251,362,100,47
451,482,204,95,47
452,999,279,85,45
453,986,476,100,44
454,904,651,65,7
455,141,583,100,50
456,329,211,85,50
457,608,478,65,4
458,377,359,65,16
459,474,424,60,18
460,307,241,95,28
461,629,297,85,23
462,627,403,85,18
463,424,674,75,9
464,996,339,50,21
465,764,227,90,19
466,805,75,90,4
467,627,125,95,21
468,772,623,85,48
469,283,593,65,9
470,589,903,90,7
471,271,18,75,26
472,150,230,50,23
473,513,431,70,12
474,741,958,85,5
475,103,256,85,40
476,916,779,95,25
477,63,708,95,47
478,780,45,70,32
479,921,873,80,9
480,294,646,55,8
481,380,345,50,32
482,880,797,95,32
483,11,44,80,21
484,869,312,85,25
485,152,741,70,45
486,843,29,75,28
487,110,140,75,31
488,752,885,60,34
489,886,365,95,31
490,195,339,60,12
491,987,3,80,45
492,995,826,95,15
493,968,71,70,34
494,566,306,75,19
495,407,398,100,3
496,229,957,65,39
497,50,907,50,40
498,196,849,90,18
499,35,879,100,26
500,469,300,90,24
501,213,672,80,2
502,238,680,80,26
503,517,760,95,48
504,801,842,95,13
505,34,566,100,47
506,728,725,80,6
507,391,772,65,35
508,157,908,60,28
509,663,679,90,32
510,911,293,50,41
511,193,39,85,30
512,60,159,85,30
513,970,49,95,25
514,433,401,85,4
515,770,345,100,15
516,204,206,95,38
517,639,813,80,11
518,17,138,80,16
519,221,210,85,31
520,23,225,95,13
521,480,452,85,6
522,687,923,100,7
523,374,956,50,30
524,877,438,65,24
525,256,921,55,10
526,285,658,90,40
527,81,965,80,13
528,753,596,60,44
529,836,500,50,28
530,222,278,90,43
531,48,131,60,20
532,70,970,65,12
533,94,466,65,14
534,678,817,100,17
535,903,383,50,11
536,939,852,65,41
537,748,795,95,16
538,658,652,70,19
539,845,267,80,3
540,948,271,80,47
541,656,555,50,26
542,158,808,95,18
543,348,518,65,45
544,185,160,50,27
545,822,979,95,24
546,395,404,100,10
547,730,261,65,23
548,970,254,85,36
549,463,588,80,22
550,814,191,60,40
551,89,49,70,7
552,990,526,60,34
553,705,567,75,17
554,686,939,85,47
555,466,876,50,4
556,299,711,80,18
557,613,155,70,35
558,712,364,90,23
559,753,908,70,36
560,506,105,85,23
561,928,505,65,8
562,256,226,55,39
563,168,22,100,50
564,154,148,90,2
565,386,696,70,12
566,606,901,75,24
567,931,200,70,11
568,709,553,90,2
569,1000,297,75,17
570,899,927,85,28
571,515,861,70,10
572,13,278,75,23
573,11,881,50,32
574,785,520,90,29
575,627,785,90,35
576,807,699,100,30
577,639,719,90,27
578,438,650,50,45
579,971,899,60,4
580,425,239,65,48
581,944,510,95,10
582,164,934,60,9
583,18,429,65,6
584,358,556,85,4
585,29,670,55,41
586,155,607,75,37
587,331,947,80,28
588,224,44,65,39
589,324,776,95,44
590,239,447,60,36
591,662,419,85,38
592,681,783,90,32
593,442,387,60,35
594,639,527,85,14
595,100,200,55,18
596,229,671,60,21
597,45,280,95,25
598,722,877,80,13
599,182,871,95,9
600,801,79,85,44
601,524,679,95,27
602,729,382,70,21
603,557,428,55,29
604,306,916,50,17
605,544,335,65,50
606,399,317,60,36
607,858,857,90,34
608,814,398,50,32
609,453,654,50,3
610,852,322,75,7
611,654,412,50,13
612,767,319,90,33
613,611,446,70,23
614,304,675,100,7
615,733,953,60,3
616,184,77,60,45
617,313,707,60,48
618,168,627,100,50
619,815,996,50,7
620,961,524,85,25
621,93,483,70,25
622,158,846,70,6
623,590,708,80,19
624,527,716,90,33
625,59,225,95,10
626,420,22,100,46
627,724,3,55,5
628,959,202,70,27
629,199,558,80,10
630,4,330,85,22
631,830,184,100,49
632,564,727,50,8
633,567,706,75,12
634,863,830,80,45
635,62,462,100,38
636,168,843,85,18
637,956,250,70,12
638,865,570,50,16
639,904,894,80,5
640,690,809,85,36
641,220,835,75,20
642,518,345,90,14
643,182,408,65,2
644,445,566,95,25
645,1,997,90,33
646,680,518,60,17
647,922,232,90,15
648,102,690,80,36
649,358,920,100,2
650,542,489,80,5
651,416,976,55,18
652,395,98,75,30
653,774,645,95,11
654,7,651,65,10
655,877,670,80,33
656,789,77,55,19
657,622,456,100,36
658,472,941,75,34
659,361,994,55,41
660,555,710,100,31
661,183,753,50,8
662,719,401,75,4
663,547,394,55,38
664,589,850,80,33
665,459,210,95,32
666,352,334,100,10
667,688,446,50,41
668,783,456,60,24
669,594,883,55,38
670,275,643,60,4
671,434,605,55,37
672,65,783,60,37
673,497,23,75,10
674,315,703,65,16
675,573,361,60,38
676,416,283,85,2
677,822,623,70,38
678,116,421,100,14
679,860,470,85,39
680,212,409,75,34
681,390,300,60,39
682,272,297,55,23
683,679,656,90,42
684,897,11,75,22
685,122,856,55,6
686,168,409,80,15
687,41,407,95,43
688,19,861,85,7
689,548,854,70,40
690,789,227,60,3
691,896,682,85,23
692,495,313,85,21
693,634,610,55,21
694,854,876,60,21
695,567,356,90,31
696,15,153,65,39
697,808,380,80,12
698,1,218,80,10
699,738,400,75,40
700,105,607,55,35
701,661,209,90,17
702,397,300,55,13
703,786,579,70,43
704,555,681,95,32
705,443,460,85,17
706,936,739,100,29
707,544,484,85,32
708,32,116,60,50
709,438,382,70,21
710,49,237,65,42
711,311,973,70,14
712,616,610,100,23
713,496,281,70,41
714,573,925,85,35
715,169,309,85,12
716,146,807,95,26
717,332,933,75,32
718,894,490,55,23
719,787,183,80,50
720,128,624,70,16
721,221,955,90,45
722,451,813,100,4
723,315,492,60,41
724,555,296,95,5
725,382,612,65,19
726,335,175,90,43
727,548,231,50,43
728,851,84,70,10
729,342,747,70,32
730,171,719,95,28
731,4,759,50,42
732,675,190,50,48
733,952,735,50,38
734,946,798,70,2
735,507,161,95,6
736,549,658,80,46
737,633,355,75,32
738,568,333,65,32
739,175,698,80,10
740,730,880,70,12
741,119,515,80,26
742,630,87,60,10
743,345,939,75,18
744,372,316,95,11
745,459,466,50,16
746,236,784,80,40
747,366,791,65,5
748,895,542,95,50
749,115,854,55,47
750,122,365,70,42
751,205,267,50,8
752,38,342,100,23
753,228,200,60,31
754,432,86,65,8
755,705,206,55,50
756,438,959,85,13
757,519,548,60,27
758,362,814,70,6
759,202,10,70,33
760,189,324,75,28
761,186,126,95,2
762,419,335,50,42
763,949,336,55,35
764,832,826,70,10
765,104,525,95,16
766,365,436,65,23
767,300,286,95,35
768,90,753,70,30
769,956,167,70,12
770,603,955,60,38
771,230,215,90,42
772,602,620,65,50
773,645,813,100,50
774,54,625,75,41
775,707,38,80,45
776,492,234,80,46
777,853,954,85,32
778,168,98,55,24
779,680,535,65,40
780,175,667,50,12
781,754,961,60,29
782,635,770,60,49
783,597,380,70,31
784,844,794,65,27
785,651,728,75,2
786,969,531,50,48
787,184,147,65,11
788,749,552,95,38
789,840,141,50,38
790,655,624,50,47
791,921,84,100,5
792,769,595,80,21
793,948,337,85,28
794,814,949,55,43
795,779,895,70,21
796,536,108,60,30
797,654,31,90,33
798,771,445,65,49
799,794,84,75,22
800,855,552,70,44
801,591,12,50,47
802,756,815,70,13
803,854,108,100,17
804,380,324,55,27
805,947,434,95,33
806,843,809,95,11
807,763,517,50,49
808,773,740,80,30
809,788,857,75,19
810,130,690,95,16
811,125,590,95,14
812,11,255,70,16
813,874,588,100,38
814,138,662,80,39
815,125,250,50,19
816,588,61,75,15
817,847,548,100,39
818,44,291,60,46
819,307,218,75,13
820,411,72,90,32
821,211,389,90,46
822,937,451,65,23
823,522,738,85,14
824,215,362,65,34
825,722,8,55,16
826,999,895,65,3
827,93,376,85,16
828,462,682,70,23
829,882,396,65,42
830,599,500,100,15
831,356,809,50,13
832,389,298,65,29
833,676,138,70,8
834,483,498,60,11
835,876,163,70,50
836,785,666,85,18
837,352,937,50,42
838,534,85,95,36
839,263,71,75,14
840,79,36,85,12
841,982,972,50,17
842,343,549,65,24
843,420,849,50,22
844,987,128,55,27
845,139,503,50,10
846,271,147,65,10
847,433,138,75,8
848,270,649,50,33
849,465,119,55,25
850,607,325,75,22
851,590,422,90,33
852,429,508,50,39
853,584,178,70,42
854,962,629,50,19
855,893,328,60,11
856,115,877,100,45
857,551,767,100,21
858,867,503,75,27
859,910,202,70,6
860,826,567,55,39
861,808,109,95,12
862,795,739,75,25
863,208,313,55,10
864,520,506,75,16
865,454,668,90,4
866,750,240,85,35
867,780,487,55,39
868,97,239,55,17
869,638,936,75,3
870,198,525,75,47
871,993,24,65,48
872,406,137,70,41
873,994,41,70,50
874,671,868,55,41
875,916,88,85,9
876,462,473,75,46
877,777,287,85,50
878,725,707,75,24
879,103,579,85,9
880,381,800,80,29
881,61,637,65,13
882,102,978,90,42
883,148,769,100,10
884,29,602,70,28
885,155,763,65,3
886,887,956,80,9
887,188,182,80,10
888,863,306,55,44
889,297,15,100,36
890,177,430,100,25
891,37,198,80,17
892,102,705,75,10
893,487,13,50,2
894,460,712,85,29
895,957,953,55,22
896,33,609,50,20
897,401,915,60,5
898,72,585,75,40
899,982,557,90,44
900,348,477,80,34
901,31,62,75,44
902,140,342,100,28
903,27,818,95,30
904,92,195,85,6
905,671,463,70,14
906,112,210,100,15
907,580,43,80,3
908,906,78,90,4
909,146,191,95,4
910,324,892,55,4
911,762,418,55,20
912,114,584,80,48
913,486,855,55,5
914,314,251,65,40
915,845,231,60,33
916,878,806,90,35
917,189,370,90,37
918,16,148,55,36
919,934,602,95,15
920,146,978,50,19
921,598,279,80,44
922,817,863,55,26
923,385,632,65,37
924,431,657,90,9
925,97,231,80,34
926,419,81,85,47
927,738,571,90,48
928,277,971,75,7
929,599,554,90,45
930,38,135,75,28
931,328,979,95,4
932,175,825,75,42
933,776,720,50,44
934,262,491,95,26
935,130,220,75,27
936,930,10,90,36
937,320,468,60,26
938,449,841,85,13
939,579,113,90,4
940,299,635,50,32
941,88,448,60,47
942,414,585,85,12
943,403,623,50,48
944,854,203,100,37
945,286,554,55,45
946,277,460,100,20
947,517,162,85,11
948,327,281,100,14
949,732,877,85,15
950,171,205,75,28
951,703,962,70,3
952,368,925,85,35
953,780,224,65,48
954,19,562,50,36
955,813,299,65,5
956,465,246,80,40
957,4,529,85,35
958,125,259,95,39
959,24,594,100,38
960,394,582,75,8
961,841,241,100,18
962,207,957,75,20
963,758,734,95,37
964,10,555,65,28
965,308,557,85,7
966,966,876,70,26
967,492,265,85,18
968,52,24,95,4
969,701,225,80,26
970,912,100,90,34
971,976,457,80,30
972,536,904,75,6
973,679,619,90,23
974,711,266,85,8
975,778,588,55,29
976,154,997,70,24
977,825,869,80,4
978,372,209,75,44
979,285,423,95,25
980,330,385,80,15
981,291,596,70,17
982,884,415,55,34
983,734,55,50,42
984,274,903,100,30
985,830,143,65,39
986,706,520,60,3
987,669,228,50,10
988,992,2,75,35
989,145,35,75,29
990,509,269,75,50
991,479,233,65,17
992,653,995,85,47
993,164,974,85,32
994,466,18,65,3
995,164,635,100,14
996,565,719,55,26
997,704,429,85,46
998,806,647,90,32
999,579,19,55,39
1000,118,905,60,28
1001,617,178,55,25
1002,437,419,70,37
1003,131,576,85,45
1004,470,89,60,2
1005,206,926,55,11
1006,71,360,70,44
1007,671,927,50,10
1008,12,510,75,20
1009,770,333,75,22
1010,320,391,50,44
1011,671,182,50,23
1012,430,225,70,39
1013,393,846,50,34
1014,637,91,50,44
1015,375,512,95,39
1016,988,750,90,15
1017,266,241,95,33
1018,86,503,80,42
1019,168,963,85,17
1020,768,696,90,34
1021,685,976,85,10
1022,4,522,70,26
1023,721,829,55,27
1024,955,716,65,2
1025,877,134,65,20
1026,980,949,65,35
1027,906,419,65,44
1028,523,877,50,3
1029,485,479,50,39
1030,593,62,55,20
1031,16,38,65,22
1032,826,523,60,41
1033,309,997,70,41
1034,321,885,65,3
1035,315,55,85,46
1036,900,757,70,8
1037,971,114,85,38
1038,810,653,95,43
1039,620,756,80,22
1040,366,263,70,28
1041,18,994,80,11
1042,821,290,90,41
1043,785,127,85,46
1044,793,201,65,24
1045,544,151,55,35
1046,878,685,95,26
1047,231,346,60,11
1048,513,896,75,11
1049,742,67,85,22
1050,601,821,100,27
1051,356,868,50,2
1052,45,187,60,10
1053,319,201,65,4
1054,85,822,60,16
1055,884,31,70,4
1056,53,319,75,26
1057,5,844,85,30
1058,146,103,55,13
1059,55,60,75,7
1060,716,207,100,25
1061,564,848,90,38
1062,83,92,50,18
1063,961,14,55,35
1064,833,120,100,12
1065,766,102,90,2
1066,781,668,75,6
1067,800,768,80,27
1068,906,950,80,4
1069,701,733,90,9
1070,740,520,60,15
1071,866,652,95,10
1072,889,374,85,35
1073,79,211,90,20
1074,229,346,70,33
1075,24,484,100,41
1076,536,763,50,39
1077,799,480,90,26
1078,733,233,65,28
1079,109,437,55,22
1080,798,631,60,32
1081,133,916,80,41
1082,258,493,75,37
1083,549,203,70,21
1084,42,459,70,11
1085,922,925,50,11
1086,561,16,60,18
1087,804,361,90,11
1088,16,174,70,36
1089,199,818,90,27
1090,898,405,65,48
1091,994,845,55,17
1092,809,394,85,17
1093,565,361,85,6
1094,408,683,70,25
1095,821,454,50,16
1096,68,448,55,9
1097,252,592,90,4
1098,714,767,60,26
1099,92,330,100,26
1100,859,417,100,39
1101,398,75,55,18
1102,223,203,55,40
1103,915,801,65,44
1104,720,767,95,28
1105,592,141,50,26
1106,516,68,55,3
1107,309,935,70,31
1108,616,829,55,34
1109,324,879,95,49
1110,104,378,55,8
1111,488,737,95,41
1112,716,298,60,48
1113,237,684,75,26
1114,239,318,100,45
1115,4,334,95,11
1116,902,780,70,48
1117,431,266,85,28
1118,503,518,90,37
1119,877,983,100,15
1120,253,566,70,6
1121,141,560,50,16
1122,930,505,70,7
1123,138,240,70,7
1124,519,101,65,50
1125,159,386,55,35
1126,781,688,55,9
1127,165,233,90,42
1128,158,303,55,21
1129,777,756,50,23
1130,791,287,55,46
1131,480,145,65,12
1132,453,105,75,42
1133,63,847,55,30
1134,371,394,95,44
1135,545,657,50,21
1136,681,741,70,30
1137,499,326,50,34
1138,543,17,75,28
1139,304,842,50,38
1140,516,867,70,5
1141,688,186,80,31
1142,577,177,55,20
1143,702,541,100,34
1144,915,462,85,35
1145,47,460,65,6
1146,140,11,50,14
1147,700,212,55,18
1148,881,855,75,50
1149,214,745,80,19
1150,488,428,75,32
1151,619,129,60,50
1152,740,517,60,31
1153,417,918,75,44
1154,817,270,85,40
1155,606,696,70,5
1156,711,343,85,48
1157,266,7,70,3
1158,704,538,65,15
1159,486,205,85,18
1160,980,927,70,41
1161,440,975,100,39
1162,322,197,95,35
1163,422,462,85,2
1164,513,610,95,16
1165,728,348,65,40
1166,447,871,55,47
1167,248,852,65,27
1168,151,866,95,20
1169,881,413,55,13
1170,467,747,100,27
1171,724,181,70,6
1172,494,106,50,26
1173,856,476,50,16
1174,437,622,60,29
1175,110,434,85,24
1176,162,632,65,6
1177,117,296,100,37
1178,591,567,50,24
1179,180,963,85,27
1180,979,593,65,7
1181,192,31,100,4
1182,985,583,55,3
1183,98,912,90,40
1184,276,508,80,43
1185,433,560,75,20
1186,462,476,80,8
1187,944,222,60,22
1188,410,947,65,27
1189,910,351,50,26
1190,299,598,70,3
1191,424,856,50,19
1192,939,287,85,20
1193,874,116,90,27
1194,164,577,85,40
1195,444,248,70,37
1196,553,228,80,42
1197,760,408,100,39
1198,267,63,90,39
1199,631,747,70,34
1200,112,716,70,35
1201,131,474,55,31
1202,185,554,50,43
1203,917,587,65,27
1204,228,357,55,3
1205,999,791,50,31
1206,61,129,85,2
1207,464,405,55,30
1208,465,884,85,50
1209,365,211,65,43
1210,639,767,85,22
1211,24,464,95,21
1212,309,836,95,14
1213,373,772,65,4
1214,174,46,85,35
1215,579,983,55,9
1216,610,48,55,30
1217,926,381,55,38
1218,904,834,80,5
1219,287,266,50,19
1220,599,231,95,3
1221,357,981,60,7
1222,178,7,70,20
1223,367,69,70,7
1224,928,668,75,23
1225,874,997,95,29
1226,346,291,85,19
1227,232,876,65,16
1228,712,803,65,44
1229,774,795,100,35
1230,302,871,70,44
1231,607,437,95,48
1232,356,578,80,46
1233,126,130,75,25
1234,771,277,60,16
1235,455,799,95,8
1236,321,930,85,45
1237,975,58,50,15
1238,991,509,65,25
1239,493,471,65,2
1240,285,164,50,21
1241,394,187,95,46
1242,657,96,95,39
1243,351,638,60,26
1244,601,136,100,27
1245,78,720,75,15
1246,382,238,80,47
1247,967,434,55,49
1248,485,327,95,32
1249,258,393,100,31
1250,719,27,65,8
1251,124,460,85,15
1252,28,5,95,21
1253,676,760,80,46
1254,323,896,60,19
1255,196,171,90,33
1256,363,708,60,14
1257,364,11,90,24
1258,215,738,90,26
1259,596,656,75,44
1260,683,862,65,41
1261,497,940,60,32
1262,268,478,100,26
1263,384,710,90,31
1264,158,995,100,7
1265,726,839,70,46
1266,718,955,55,17
1267,605,185,70,38
1268,310,791,65,9
1269,43,442,85,40
1270,850,589,80,30
1271,902,241,50,29
1272,363,98,50,25
1273,170,349,75,37
1274,984,444,100,8
1275,652,516,85,16
1276,753,540,75,31
1277,997,794,95,10
1278,728,813,55,47
1279,808,177,55,26
1280,408,494,60,23
1281,372,313,50,27
1282,755,383,95,37
1283,173,569,95,14
1284,891,359,75,50
1285,547,188,70,27
1286,173,776,70,27
1287,458,177,65,39
1288,604,779,90,46
1289,662,14,95,30
1290,812,167,50,8
1291,90,295,70,44
1292,609,12,100,43
1293,404,175,75,25
1294,41,138,85,2
1295,269,941,65,40
1296,848,860,65,18
1297,441,199,100,10
1298,857,292,85,46
1299,735,238,55,48
1300,756,779,90,27
1301,252,380,80,49
1302,138,165,95,11
1303,96,89,75,22
1304,392,873,60,40
1305,430,989,100,5
1306,473,498,75,3
1307,410,288,95,13
1308,851,861,80,5
1309,892,133,50,5
1310,726,539,100,7
1311,11,16,55,44
1312,475,178,50,7
1313,93,456,75,29
1314,878,229,55,28
1315,889,908,55,39
1316,118,13,85,14
1317,290,730,90,18
1318,307,141,70,49
1319,399,358,95,42
1320,120,938,90,7
1321,183,476,60,7
1322,536,371,65,2
1323,916,941,50,45
1324,880,710,90,34
1325,619,300,60,43
1326,839,285,65,35
1327,485,336,70,44
1328,524,564,80,38
1329,856,867,95,5
1330,177,307,100,45
1331,904,173,90,27
1332,456,316,85,10
1333,80,788,65,45
1334,276,354,65,6
1335,816,202,50,18
1336,587,262,100,18
1337,170,368,90,9
1338,764,231,85,45
1339,429,573,85,42
1340,705,479,65,42
1341,752,724,80,25
1342,981,4,75,48
1343,513,896,80,6
1344,494,760,95,10
1345,94,401,60,6
1346,329,799,90,37
1347,856,818,60,10
1348,489,547,50,28
1349,52,313,65,50
1350,755,97,55,35
1351,518,980,80,20
1352,283,218,55,32
1353,746,385,80,6
1354,864,668,100,42
1355,900,426,100,47
1356,870,479,65,3
1357,774,240,60,14
1358,377,675,80,18
1359,532,382,55,46
1360,961,62,100,29
1361,947,713,95,17
1362,12,796,80,34
1363,42,715,65,22
1364,21,298,100,41
1365,422,771,95,6
1366,346,922,80,31
1367,455,274,80,19
1368,217,28,50,17
1369,682,217,60,16
1370,483,718,95,44
1371,562,956,55,47
1372,431,421,95,48
1373,934,589,65,44
1374,630,17,60,23
1375,521,663,60,36
1376,224,515,60,42
1377,397,483,80,31
1378,210,312,55,13
1379,714,528,80,40
1380,410,25,65,31
1381,818,653,95,18
1382,865,687,95,41
1383,143,849,95,22
1384,61,269,60,13
1385,784,717,75,13
1386,700,741,95,28
1387,401,211,70,18
1388,781,72,70,45
1389,592,954,90,19
1390,486,197,65,49
1391,786,858,100,29
1392,690,581,90,29
1393,503,123,90,9
1394,720,331,55,6
1395,792,824,70,16
1396,469,756,65,4
1397,547,434,80,18
1398,626,269,50,40
1399,162,31,90,3
1400,996,906,75,37
1401,981,335,85,32
1402,116,290,55,23
1403,461,28,75,46
1404,66,632,75,40
1405,195,3,100,44
1406,982,279,50,42
1407,675,806,80,46
1408,715,151,60,32
1409,478,743,90,32
1410,483,515,95,5
1411,396,650,60,24
1412,680,228,95,8
1413,905,661,60,3
1414,106,389,70,26
1415,904,791,65,31
1416,923,871,60,9
1417,337,2,80,13
1418,794,48,80,27
1419,960,614,50,15
1420,646,306,60,14
1421,209,32,75,34
1422,531,656,70,6
1423,466,164,90,2
1424,616,969,60,41
1425,667,892,75,24
1426,863,540,100,41
1427,677,872,95,38
1428,529,520,85,31
1429,975,579,65,48
1430,647,283,85,38
1431,553,3,65,40
1432,737,615,75,33
1433,880,113,95,22
1434,416,402,75,6
1435,544,137,95,43
1436,640,123,60,18
1437,945,432,85,19
1438,288,276,100,7
1439,646,667,55,6
1440,343,535,85,45
1441,922,7,65,27
1442,754,765,85,2
1443,306,167,65,47
1444,221,418,90,29
1445,962,949,60,24
1446,470,373,80,43
1447,565,932,85,29
1448,415,843,55,8
1449,256,625,60,25
1450,1,136,90,20
1451,249,385,60,15
1452,44,361,65,3
1453,262,514,50,36
1454,809,377,50,25
1455,696,17,80,17
1456,847,719,50,49
1457,122,361,90,46
1458,511,255,60,38
1459,962,730,60,42
1460,203,984,70,42
1461,40,391,90,10
1462,619,795,90,31
1463,291,600,65,12
1464,596,318,55,4
1465,992,934,85,45
1466,139,767,90,35
1467,191,620,65,7
1468,170,985,60,42
1469,12,394,85,16
1470,990,465,80,24
1471,182,194,70,36
1472,625,605,75,11
1473,603,937,60,2
1474,221,329,85,10
1475,886,996,50,6
1476,728,508,95,30
1477,382,939,50,37
1478,309,125,70,10
1479,51,536,90,32
1480,917,623,70,45
1481,336,205,55,29
1482,1000,783,100,47
1483,130,413,60,33
1484,919,69,95,46
1485,669,675,80,50
1486,151,861,65,42
1487,980,812,80,22
1488,874,35,55,12
1489,223,308,95,48
1490,529,832,75,24
1491,156,923,75,7
1492,136,34,100,47
1493,660,336,50,3
1494,305,164,75,7
1495,304,931,50,34
1496,57,532,55,41
1497,852,238,70,46
1498,437,439,90,18
1499,638,966,60,10
1500,129,938,80,13
1501,665,878,65,46
1502,901,5,50,2
1503,252,644,65,28
1504,631,419,50,30
1505,586,342,60,10
1506,776,783,65,22
1507,870,867,50,11
1508,815,962,100,35
1509,124,728,65,2
1510,988,75,65,44
1511,677,634,70,45
1512,100,14,60,42
1513,508,202,70,14
1514,509,994,85,23
1515,430,89,65,38
1516,990,47,55,29
1517,854,637,95,11
1518,605,204,90,3
1519,216,471,95,9
1520,750,189,80,47
1521,282,867,80,16
1522,799,278,55,29
1523,455,768,80,41
1524,887,132,80,37
1525,68,946,85,48
1526,709,858,100,21
1527,79,797,50,17
1528,806,483,65,2
1529,92,495,70,25
1530,885,552,70,18
1531,275,361,55,3
1532,38,620,80,8
1533,522,2,80,27
1534,747,755,70,39
1535,917,856,85,2
1536,736,820,50,45
1537,255,617,90,20
1538,49,663,70,49
1539,3,52,75,37
1540,914,849,50,8
1541,327,915,75,48
1542,19,780,100,8
1543,183,84,85,28
1544,698,215,70,11
1545,788,165,95,28
1546,245,527,60,35
1547,701,972,50,39
1548,676,456,60,20
1549,156,402,55,9
1550,93,995,75,2
1551,709,448,75,3
1552,888,209,100,41
1553,739,428,80,41
1554,955,195,95,47
1555,308,270,80,8
1556,781,788,65,9
1557,44,518,75,12
1558,993,44,75,25
1559,696,733,60,46
1560,554,860,65,46
1561,887,228,60,10
1562,698,877,100,37
1563,388,103,50,22
1564,567,347,90,37
1565,167,820,65,31
1566,674,123,100,30
1567,34,303,100,21
1568,151,19,65,24
1569,695,8,70,49
1570,373,729,50,46
1571,744,715,70,33
1572,885,545,80,13
1573,941,656,75,49
1574,455,769,100,14
1575,764,76,95,25
1576,747,250,50,8
1577,898,812,55,9
1578,418,136,75,12
1579,255,335,75,22
1580,945,3,90,45
1581,142,768,80,13
1582,17,133,85,30
1583,7,222,90,37
1584,50,339,90,13
1585,403,243,80,4
1586,245,445,65,7
1587,46,133,85,19
1588,663,649,90,39
1589,639,559,50,17
1590,881,222,50,18
1591,169,61,75,36
1592,655,30,90,2
1593,24,623,95,32
1594,706,205,55,36
1595,776,380,80,6
1596,237,879,70,10
1597,993,402,60,40
1598,45,137,65,25
1599,358,940,75,46
1600,957,303,70,44
1601,831,280,75,40
1602,45,327,60,4
1603,711,293,75,49
1604,527,93,75,38
1605,646,575,80,30
1606,357,645,75,30
1607,291,908,85,40
1608,781,339,95,7
1609,161,888,55,45
1610,153,127,65,30
1611,54,323,95,37
1612,13,241,65,3
1613,106,831,70,50
1614,318,555,75,31
1615,11,304,80,11
1616,776,432,85,18
1617,17,135,75,45
1618,375,517,55,7
1619,384,978,80,2
1620,70,452,90,38
1621,434,509,75,35
1622,434,56,95,31
1623,586,64,50,50
1624,262,310,55,24
1625,605,335,100,12
1626,58,727,60,9
1627,750,764,65,14
1628,697,832,80,47
1629,598,56,90,40
1630,127,587,80,5
1631,777,659,50,34
1632,446,988,65,19
1633,868,736,85,29
1634,440,339,100,49
1635,568,241,55,10
1636,731,622,100,34
1637,406,561,100,38
1638,704,480,90,39
1639,994,249,95,48
1640,868,486,65,2
1641,556,272,100,33
1642,826,658,70,26
1643,168,27,55,49
1644,501,248,55,49
1645,707,724,65,48
1646,218,806,95,40
1647,580,882,100,32
1648,41,191,95,40
1649,330,246,60,31
1650,958,824,55,42
1651,386,633,75,46
1652,265,170,80,5
1653,637,956,65,15
1654,739,548,90,45
1655,48,140,85,49
1656,23,590,90,35
1657,67,434,100,24
1658,780,818,60,34
1659,301,142,75,48
1660,507,676,100,37
1661,911,623,95,34
1662,340,840,80,34
1663,337,863,100,8
1664,130,919,90,18
1665,332,447,65,38
1666,207,565,85,27
1667,31,4,65,5
1668,808,292,95,2
1669,690,159,100,2
1670,641,743,85,17
1671,505,461,85,39
1672,209,962,70,41
1673,978,408,95,41
1674,748,490,100,21
1675,4,213,70,22
1676,244,388,85,45
1677,630,321,100,44
1678,139,646,70,21
1679,656,485,70,9
1680,746,55,50,30
1681,277,19,80,39
1682,485,801,60,49
1683,439,465,80,10
1684,583,949,80,42
1685,851,164,75,20
1686,251,724,100,16
1687,650,868,70,30
1688,905,979,75,38
1689,747,73,55,46
1690,274,323,80,3
1691,107,536,70,17
1692,767,589,75,39
1693,863,613,100,34
1694,614,936,65,41
1695,36,604,90,23
1696,834,322,100,42
1697,612,720,95,49
1698,147,844,50,31
1699,304,222,95,47
1700,999,605,95,29
1701,104,134,75,34
1702,677,888,75,30
1703,631,296,90,50
1704,234,258,65,45
1705,187,702,85,23
1706,141,932,80,44
1707,962,510,90,6
1708,350,408,80,32
1709,66,868,90,21
1710,931,989,65,21
1711,539,659,100,4
1712,60,338,85,46
1713,70,398,65,5
1714,715,79,85,43
1715,715,741,100,8
1716,411,314,100,31
1717,401,26,85,26
1718,528,439,55,45
1719,581,794,100,14
1720,905,695,75,44
1721,877,636,50,43
1722,158,207,100,2
1723,52,860,85,34
1724,428,86,90,15
1725,8,102,80,39
1726,923,327,60,11
1727,974,285,65,14
1728,331,336,90,22
1729,910,506,70,2
1730,261,482,65,14
1731,8,54,80,39
1732,346,534,95,40
1733,828,544,75,10
1734,700,59,90,23
1735,392,362,100,4
1736,158,180,60,16
1737,267,71,55,50
1738,956,304,60,45
1739,207,542,80,22
1740,18,525,65,12
1741,841,482,85,17
1742,464,21,75,46
1743,199,47,100,47
1744,830,960,75,9
1745,525,659,70,41
1746,47,817,85,11
1747,554,627,70,40
1748,32,624,50,14
1749,765,71,60,10
1750,598,789,65,19
1751,844,622,85,33
1752,889,865,55,20
1753,139,861,80,41
1754,569,276,75,4
1755,399,625,95,17
1756,306,326,75,22
1757,210,363,75,24
1758,770,708,85,4
1759,587,330,60,4
1760,587,258,50,28
1761,599,849,55,32
1762,144,674,70,6
1763,173,735,65,28
1764,151,667,70,18
1765,821,239,75,38
1766,934,544,70,32
1767,341,534,80,9
1768,480,196,60,8
1769,42,233,90,38
1770,681,471,65,44
1771,472,372,95,7
1772,673,317,100,11
1773,756,274,85,45
1774,207,4,50,28
1775,860,621,75,3
1776,714,527,85,49
1777,109,585,80,8
1778,663,785,60,12
1779,32,755,60,36
1780,734,638,100,17
1781,471,431,100,47
1782,951,529,100,3
1783,198,717,75,26
1784,187,864,70,20
1785,381,95,80,37
1786,480,554,75,17
1787,798,151,100,2
1788,842,349,70,25
1789,638,562,75,22
1790,956,431,75,39
1791,137,472,75,5
1792,670,486,60,28
1793,156,906,65,47
1794,696,848,75,29
1795,726,833,50,33
1796,324,844,85,33
1797,57,688,90,40
1798,830,478,100,21
1799,721,266,65,16
1800,431,509,100,10
1801,608,538,85,28
1802,864,464,65,38
1803,527,68,95,5
1804,329,506,70,45
1805,379,523,80,4
1806,172,415,50,35
1807,518,270,60,46
1808,421,211,65,27
1809,983,18,95,26
1810,82,155,100,11
1811,698,112,80,38
1812,648,871,50,13
1813,561,900,100,13
1814,159,951,60,5
1815,868,672,95,30
1816,524,786,75,23
1817,665,848,100,3
1818,398,733,80,8
1819,895,122,85,40
1820,225,493,50,29
1821,397,567,100,31
1822,230,282,50,48
1823,678,312,55,23
1824,944,48,100,8
1825,46,431,60,4
1826,524,629,50,15
1827,998,196,95,15
1828,14,820,70,21
1829,758,104,95,4
1830,103,331,85,29
1831,698,865,95,32
1832,693,927,60,9
1833,660,96,80,13
1834,529,281,55,37
1835,270,46,100,14
1836,108,996,100,17
1837,316,910,100,16
1838,668,942,95,49
1839,959,233,100,6
1840,872,51,95,12
1841,117,333,95,26
1842,839,957,100,41
1843,762,39,60,9
1844,900,894,50,23
1845,551,55,65,3
1846,238,655,85,7
1847,366,437,60,13
1848,422,1000,80,4
1849,26,937,50,37
1850,840,791,60,11
1851,977,306,90,16
1852,443,224,100,31
1853,492,224,85,49
1854,890,122,70,13
1855,375,464,85,5
1856,616,932,75,20
1857,679,450,95,37
1858,985,573,75,33
1859,728,39,90,36
1860,340,573,85,12
1861,658,168,90,11
1862,233,180,50,27
1863,876,755,65,11
1864,642,757,60,46
1865,598,444,100,35
1866,970,478,50,7
1867,299,814,60,28
1868,727,261,95,37
1869,354,761,50,20
1870,558,291,70,28
1871,275,759,80,25
1872,435,66,90,39
1873,14,972,75,10
1874,79,526,70,33
1875,579,566,80,2
1876,913,102,95,28
1877,858,281,50,43
1878,716,911,80,18
1879,837,576,85,11
1880,831,461,100,18
1881,606,830,75,13
1882,549,415,75,31
1883,995,207,65,30
1884,832,156,90,31
1885,993,956,70,32
1886,725,839,85,37
1887,426,387,90,18
1888,615,765,50,30
1889,424,446,50,46
1890,143,321,95,19
1891,285,179,80,22
1892,138,813,85,31
1893,137,697,85,5
1894,276,629,80,7
1895,75,922,60,41
1896,996,434,90,34
1897,500,367,95,31
1898,97,486,60,36
1899,336,154,70,11
1900,834,414,80,35
1901,28,632,50,40
1902,796,879,60,34
1903,312,872,60,27
1904,445,903,100,48
1905,834,54,55,47
1906,253,502,100,50
1907,224,69,80,18
1908,753,927,55,30
1909,365,597,50,2
1910,498,702,75,14
1911,832,95,85,6
1912,27,222,100,35
1913,3,997,80,4
1914,352,66,75,26
1915,852,960,80,36
1916,799,296,90,2
1917,897,563,65,6
1918,185,547,100,27
1919,587,1,80,21
1920,980,240,85,38
1921,283,388,75,42
1922,383,704,55,11
1923,153,367,85,39
1924,714,801,90,14
1925,604,844,55,13
1926,138,896,70,10
1927,15,598,90,45
1928,452,508,75,17
1929,98,527,75,45
1930,515,53,100,19
1931,989,250,55,27
1932,597,87,50,7
1933,257,235,95,40
1934,175,647,55,41
1935,498,818,90,45
1936,100,47,70,37
1937,647,538,50,35
1938,132,339,85,2
1939,417,658,55,32
1940,147,885,50,46
1941,251,947,90,48
1942,382,965,100,27
1943,13,414,85,8
1944,200,56,75,12
1945,896,344,50,32
1946,932,713,85,43
1947,938,851,55,48
1948,759,98,50,32
1949,28,414,70,5
1950,106,323,70,16
1951,757,603,65,29
1952,98,881,90,39
1953,211,870,75,48
1954,132,139,85,40
1955,39,33,80,30
1956,890,602,60,43
1957,49,382,70,28
1958,98,984,55,44
1959,871,78,50,22
1960,263,548,55,7
1961,590,104,50,38
1962,373,186,50,5
1963,816,220,100,32
1964,344,853,50,8
1965,342,130,85,37
1966,513,410,75,3
1967,625,454,60,2
1968,178,271,75,5
1969,440,198,60,24
1970,748,830,100,20
1971,254,448,95,32
1972,641,927,60,45
1973,284,678,100,16
1974,182,637,100,41
1975,365,415,60,4
1976,343,705,55,2
1977,983,414,100,13
1978,577,868,95,32
1979,783,919,75,41
1980,379,807,95,32
1981,635,939,70,43
1982,108,273,85,45
1983,225,256,100,44
1984,164,296,75,42
1985,946,784,65,40
1986,683,239,80,22
1987,131,781,95,49
1988,766,256,85,49
1989,899,933,70,18
1990,506,946,60,24
1991,106,347,60,26
1992,657,469,100,45
1993,974,202,100,41
1994,332,278,70,44
1995,421,562,100,12
1996,253,685,50,20
1997,804,104,55,27
1998,304,580,70,9
1999,631,624,75,48
2000,426,99,65,30
2001,690,970,70,4
2002,404,919,100,25
2003,712,473,55,14
2004,24,510,65,31
2005,134,389,95,16
2006,794,851,85,29
2007,281,550,80,49
2008,982,568,95,45
2009,570,918,95,30
2010,588,213,80,36
2011,293,408,55,49
2012,802,792,100,26
2013,332,658,50,35
2014,767,593,75,23
2015,398,863,85,7
2016,769,416,85,21
2017,613,112,95,44
2018,12,221,50,25
2019,518,867,90,21
2020,186,658,95,48
2021,736,300,80,35
2022,636,420,90,7
2023,422,699,70,19
2024,224,337,95,41
2025,34,108,50,34
2026,174,359,50,15
2027,117,411,75,34
2028,582,617,80,12
2029,780,773,70,49
2030,238,279,50,45
2031,488,940,75,30
2032,673,820,70,18
2033,547,814,75,3
2034,846,577,95,41
2035,91,746,95,37
2036,886,445,80,15
2037,39,76,60,18
2038,107,411,75,50
2039,593,671,65,22
2040,791,26,60,30
2041,672,921,95,8
2042,155,543,55,9
2043,874,428,55,46
2044,938,558,50,46
2045,898,636,90,25
2046,299,148,55,36
2047,265,514,70,28
2048,310,567,100,29
2049,62,215,90,41
2050,436,63,90,44
2051,498,858,75,40
2052,211,943,65,12
2053,82,332,55,17
2054,876,719,75,38
2055,119,209,80,9
2056,597,699,90,44
2057,139,311,65,5
2058,166,994,100,31
2059,297,95,65,43
2060,872,648,70,46
2061,931,497,90,2
2062,792,952,50,11
2063,488,870,60,44
2064,390,302,80,18
2065,620,74,60,24
2066,39,941,95,33
2067,630,994,100,10
2068,126,802,50,23
2069,174,256,75,20
2070,357,291,90,12
2071,728,244,95,35
2072,224,340,85,37
2073,989,678,55,47
2074,417,562,95,11
2075,346,172,55,50
2076,776,672,70,32
2077,915,77,100,18
2078,290,499,95,48
2079,957,725,90,19
2080,534,539,85,21
2081,437,400,80,2
2082,60,32,70,13
2083,444,463,95,17
2084,214,375,85,8
2085,908,150,85,48
2086,460,654,90,18
2087,160,400,100,32
2088,415,376,60,7
2089,895,9,70,29
2090,85,302,55,31
2091,114,859,60,33
2092,522,664,75,36
2093,882,185,50,19
2094,797,828,75,11
2095,4,992,95,13
2096,419,555,80,30
2097,996,824,80,41
2098,139,550,90,35
2099,418,173,100,41
2100,125,360,85,39
2101,144,235,90,35
2102,186,180,85,32
2103,14,549,75,20
2104,888,160,70,23
2105,621,606,90,18
2106,2,280,85,50
2107,464,620,70,6
2108,382,912,65,19
2109,959,253,50,9
2110,846,874,95,10
2111,199,327,95,46
2112,950,150,65,28
2113,946,846,50,46
2114,297,121,75,40
2115,980,502,80,13
2116,614,778,85,23
2117,30,131,100,6
2118,872,75,95,15
2119,105,637,70,26
2120,249,309,65,35
2121,893,778,95,3
2122,953,672,55,11
2123,570,420,70,35
2124,751,905,70,20
2125,180,88,85,40
2126,24,395,65,29
2127,510,935,100,24
2128,690,233,80,9
2129,684,150,55,25
2130,257,954,80,37
2131,842,738,80,10
2132,327,834,60,46
2133,981,353,65,5
2134,607,586,85,3
2135,558,778,100,28
2136,855,430,75,41
2137,581,653,70,35
2138,368,916,50,22
2139,16,387,65,8
2140,398,340,80,4
2141,240,464,60,47
2142,455,916,60,30
2143,326,148,100,21
2144,949,229,65,17
2145,307,602,50,15
2146,144,367,85,45
2147,525,288,60,43
2148,631,629,85,6
2149,303,276,90,28
2150,881,932,100,43
2151,545,289,60,20
2152,762,145,70,31
2153,218,309,75,28
2154,281,82,65,6
2155,316,114,55,10
2156,253,965,100,6
2157,336,548,65,36
2158,289,867,50,33
2159,394,179,90,13
2160,16,167,90,33
2161,464,63,90,50
2162,227,673,50,27
2163,692,615,80,6
2164,954,228,75,46
2165,656,551,70,24
2166,538,397,95,34
2167,21,934,75,34
2168,402,189,80,26
2169,454,162,65,24
2170,975,161,80,22
2171,28,310,70,7
2172,555,950,90,3
2173,368,701,60,42
2174,922,416,90,45
2175,487,880,90,13
2176,406,227,75,10
2177,770,34,55,12
2178,860,237,100,35
2179,310,545,90,26
2180,8,190,80,39
2181,98,688,50,22
2182,591,246,95,19
2183,383,634,80,39
2184,87,619,95,35
2185,662,23,70,13
2186,441,102,90,34
2187,862,349,60,46
2188,717,505,90,20
2189,363,994,85,4
2190,745,461,75,11
2191,233,1,50,17
2192,745,824,55,44
2193,761,240,65,45
2194,667,643,60,41
2195,292,340,90,37
2196,752,295,85,7
2197,14,802,60,15
2198,968,776,60,3
2199,943,83,65,29
2200,439,993,80,35
2201,349,60,80,20
2202,664,918,60,30
2203,129,28,85,36
2204,568,89,80,10
2205,489,561,80,36
2206,817,739,100,23
2207,136,252,60,32
2208,401,490,60,35
2209,25,396,85,49
2210,648,438,80,3
2211,139,155,65,11
2212,127,553,50,34
2213,74,890,85,30
2214,663,525,90,16
2215,934,510,70,30
2216,867,156,55,49
2217,23,42,50,28
2218,465,851,60,44
2219,584,771,90,16
2220,895,250,65,19
2221,213,147,100,42
2222,614,675,75,50
2223,390,628,100,47
2224,774,988,75,32
2225,106,503,65,23
2226,821,700,80,13
2227,584,74,65,43
2228,918,216,60,30
2229,43,97,85,43
2230,684,892,50,5
2231,824,362,70,23
2232,403,300,65,23
2233,887,813,90,24
2234,66,825,95,32
2235,287,324,65,5
2236,986,828,60,31
2237,973,855,65,49
2238,322,953,100,44
2239,421,267,60,12
2240,603,437,90,24
2241,834,822,85,3
2242,851,124,70,47
2243,641,142,60,18
2244,593,133,50,50
2245,335,393,60,23
2246,880,113,75,23
2247,888,432,70,28
2248,897,428,90,40
2249,612,968,100,16
2250,720,23,95,30
2251,264,702,85,43
2252,75,135,50,20
2253,448,890,55,8
2254,923,5,80,32
2255,300,915,90,36
2256,294,933,55,25
2257,741,581,95,28
2258,383,120,100,20
2259,715,672,80,43
2260,209,236,85,16
2261,96,300,90,27
2262,793,249,75,26
2263,711,58,95,2
2264,325,66,70,19
2265,500,410,90,44
2266,13,405,70,49
2267,688,144,100,29
2268,206,5,85,49
2269,905,813,65,15
2270,842,972,60,47
2271,516,941,60,41
2272,837,260,55,46
2273,210,771,60,20
2274,692,591,90,40
2275,962,708,75,24
2276,511,742,90,31
2277,715,212,85,3
2278,656,694,50,44
2279,913,446,80,12
2280,25,576,65,45
2281,287,582,95,18
2282,117,888,75,39
2283,637,379,95,45
2284,930,578,70,12
2285,52,845,80,19
2286,80,111,50,33
2287,401,113,80,3
2288,554,899,100,37
2289,293,262,95,22
2290,289,63,65,5
2291,357,416,55,10
2292,78,704,50,16
2293,196,535,65,38
2294,282,528,90,3
2295,318,470,55,17
2296,202,44,90,33
2297,106,945,55,50
2298,391,289,80,11
2299,861,836,90,16
2300,37,94,65,24
2301,159,910,80,37
2302,415,919,95,5
2303,496,719,75,37
2304,110,375,55,4
2305,435,819,90,45
2306,116,88,50,9
2307,847,852,75,15
2308,594,754,65,31
2309,680,204,70,14
2310,488,891,75,27
2311,886,29,85,3
2312,384,195,60,42
2313,603,357,100,30
2314,723,154,85,12
2315,374,975,90,31
2316,593,672,55,22
2317,290,164,80,25
2318,97,480,95,29
2319,344,573,100,41
2320,553,834,75,31
2321,439,562,95,44
2322,5,835,70,24
2323,7,156,85,23
2324,210,162,95,23
2325,184,491,95,38
2326,607,574,75,25
2327,262,325,50,23
2328,831,757,75,43
2329,328,129,65,46
2330,967,308,100,26
2331,5,824,60,38
2332,964,938,100,7
2333,129,908,85,9
2334,655,468,70,34
2335,569,886,75,20
2336,973,496,55,37
2337,467,942,65,41
2338,124,900,75,12
2339,144,327,75,10
2340,669,517,100,25
2341,2,799,60,5
2342,454,930,85,44
2343,50,848,90,43
2344,145,199,90,12
2345,501,222,55,27
2346,358,757,100,22
2347,481,97,55,6
2348,958,124,95,42
2349,111,386,60,7
2350,359,791,70,25
2351,417,304,85,20
2352,537,876,70,22
2353,798,273,60,5
2354,156,166,65,4
2355,968,142,100,10
2356,699,730,85,42
2357,640,206,80,50
2358,131,858,95,18
2359,779,265,85,14
2360,470,22,50,34
2361,490,688,90,11
2362,781,117,70,5
2363,85,930,65,48
2364,764,719,75,45
2365,407,726,65,13
2366,430,10,55,12
2367,138,411,70,20
2368,686,268,50,49
2369,613,467,60,39
2370,226,327,65,29
2371,367,504,65,20
2372,111,291,100,3
2373,584,94,95,18
2374,249,994,55,13
2375,649,397,55,37
2376,832,160,50,25
2377,94,966,100,12
2378,710,143,75,32
2379,434,374,95,22
2380,318,403,95,38
2381,879,911,50,47
2382,738,511,50,20
2383,3,41,85,40
2384,22,560,70,7
2385,89,312,60,43
2386,809,18,65,11
2387,573,785,75,21
2388,844,147,80,2
2389,411,978,55,37
2390,901,661,95,7
2391,241,328,55,15
2392,391,613,70,49
2393,832,14,65,18
2394,59,740,90,47
2395,539,841,75,32
2396,68,567,55,14
2397,745,4,65,40
2398,875,844,100,41
2399,178,540,80,46
2400,344,716,60,31
2401,344,557,80,36
2402,640,700,80,7
2403,51,946,60,33
2404,649,455,65,20
2405,249,789,60,9
2406,547,939,55,11
2407,144,141,50,12
2408,533,69,95,7
2409,799,470,65,34
2410,788,469,55,16
2411,934,736,50,7
2412,38,358,70,39
2413,691,799,70,37
2414,883,628,50,12
2415,620,459,95,35
2416,143,97,95,5
2417,765,316,90,36
2418,621,239,100,35
2419,752,885,55,39
2420,776,746,80,45
2421,438,491,80,21
2422,522,508,75,12
2423,674,544,65,9
2424,419,950,95,8
2425,26,90,100,38
2426,901,795,95,4
2427,471,947,90,11
2428,189,436,55,44
2429,528,851,65,14
2430,584,717,75,27
2431,660,407,90,48
2432,837,333,65,8
2433,475,299,85,11
2434,828,326,65,50
2435,139,332,80,42
2436,492,477,80,33
2437,998,618,50,21
2438,304,26,55,32
2439,935,571,55,2
2440,325,31,100,15
2441,128,792,90,38
2442,338,495,55,41
2443,586,72,55,34
2444,605,981,85,20
2445,889,406,50,22
2446,548,546,50,9
2447,862,316,65,48
2448,58,894,65,12
2449,5,736,50,50
2450,277,609,65,19
2451,536,971,70,39
2452,358,655,75,29
2453,642,239,50,33
2454,604,201,55,18
2455,749,899,90,32
2456,66,660,80,24
2457,506,282,50,47
2458,412,678,85,31
2459,153,186,75,50
2460,418,620,60,24
2461,650,575,100,31
2462,908,43,60,16
2463,655,201,55,26
2464,832,268,65,9
2465,667,728,80,3
2466,719,825,65,44
2467,245,481,85,43
2468,26,715,90,48
2469,906,801,55,7
2470,313,401,100,44
2471,923,418,50,22
2472,262,51,85,3
2473,808,214,65,50
2474,260,963,95,41
2475,339,742,80,15
2476,672,440,50,29
2477,363,950,80,31
2478,683,766,50,2
2479,806,304,75,40
2480,678,963,95,19
2481,646,164,80,40
2482,222,445,80,27
2483,531,321,100,40
2484,882,679,65,47
2485,374,538,60,17
2486,250,163,65,46
2487,790,824,85,5
2488,673,850,50,33
2489,250,893,55,49
2490,612,708,100,22
2491,365,25,90,2
2492,327,819,50,39
2493,611,180,85,6
2494,475,170,70,43
2495,53,469,50,37
2496,940,777,80,14
2497,581,47,65,13
2498,233,937,65,21
2499,865,996,65,3
2500,651,808,80,23
2501,248,576,90,33
2502,432,142,70,20
2503,113,363,90,46
2504,706,714,90,37
2505,352,24,65,41
2506,320,215,100,12
2507,143,931,65,31
2508,791,701,75,40
2509,845,230,50,38
2510,193,81,85,13
2511,115,146,60,35
2512,590,30,75,36
2513,411,367,60,45
2514,837,271,75,37
2515,861,692,75,49
2516,826,684,70,24
2517,537,373,75,9
2518,568,733,65,41
2519,300,351,55,38
2520,648,775,80,3
2521,818,619,65,21
2522,599,238,90,12
2523,489,682,65,29
2524,353,849,85,36
2525,706,465,90,15
2526,139,486,90,47
2527,426,467,85,14
2528,257,395,80,38
2529,867,89,100,14
2530,384,987,60,17
2531,780,436,90,3
2532,178,772,50,18
2533,539,122,65,28
2534,402,164,70,30
2535,435,585,75,35
2536,247,21,70,28
2537,946,634,80,19
2538,447,763,90,29
2539,319,344,85,47
2540,739,631,70,8
2541,940,841,80,16
2542,452,234,85,7
2543,971,178,60,4
2544,288,801,80,16
2545,316,515,55,31
2546,674,299,75,24
2547,149,379,60,38
2548,411,305,85,32
2549,567,180,80,4
2550,110,253,55,18
2551,371,786,75,34
2552,478,190,70,2
2553,113,736,90,8
2554,767,293,55,49
2555,917,88,70,18
2556,663,307,55,25
2557,231,938,85,13
2558,703,669,90,9
2559,496,122,70,47
2560,329,17,65,46
2561,972,690,80,6
2562,400,925,55,28
2563,829,66,90,26
2564,878,166,55,8
2565,145,702,70,26
2566,749,516,50,14
2567,161,101,80,6
2568,407,581,55,35
2569,454,224,95,12
2570,797,496,80,49
2571,368,141,50,23
2572,500,2,75,23
2573,355,871,100,19
2574,383,885,80,24
2575,281,326,70,13
2576,7,135,80,34
2577,761,827,65,26
2578,569,628,90,50
2579,763,963,70,16
2580,902,57,85,30
2581,516,410,55,19
2582,49,244,50,14
2583,279,9,70,45
2584,280,418,70,42
2585,696,357,100,22
2586,550,729,70,23
2587,808,435,95,24
2588,46,78,100,28
2589,458,177,80,3
2590,103,250,50,16
2591,62,103,50,7
2592,153,3,55,40
2593,371,816,80,43
2594,790,564,60,11
2595,903,771,85,11
2596,742,799,65,35
2597,426,862,80,39
2598,665,961,85,19
2599,756,390,100,10
2600,768,523,55,43
2601,664,498,85,49
2602,48,44,65,26
2603,83,264,90,16
2604,800,52,90,25
2605,468,117,100,5
2606,575,374,95,22
2607,814,670,100,42
2608,107,185,85,3
2609,542,381,95,14
2610,904,800,70,3
2611,638,272,95,38
2612,371,266,55,28
2613,621,484,100,25
2614,353,347,50,36
2615,615,191,55,6
2616,81,242,65,28
2617,705,774,70,50
2618,769,145,50,17
2619,599,363,70,35
2620,760,412,100,18
2621,946,795,90,19
2622,963,26,65,49
2623,213,470,85,31
2624,766,294,50,2
2625,170,747,80,13
2626,684,390,85,38
2627,305,807,75,47
2628,181,507,100,38
2629,1,304,75,47
2630,74,825,55,21
2631,701,306,60,40
2632,384,191,75,18
2633,116,616,70,41
2634,213,909,80,29
2635,491,28,95,23
2636,321,387,70,10
2637,608,523,55,49
2638,222,387,85,46
2639,4,29,75,29
2640,499,700,60,32
2641,412,747,75,12
2642,784,353,90,2
2643,765,975,50,9
2644,678,660,80,49
2645,393,338,55,43
2646,66,45,85,15
2647,387,761,70,21
2648,593,97,85,39
2649,175,132,100,20
2650,492,128,75,39
2651,90,550,60,16
2652,668,55,75,45
2653,343,694,55,28
2654,853,591,65,37
2655,596,630,65,12
2656,324,166,80,19
2657,110,503,90,40
2658,560,875,85,47
2659,428,365,55,45
2660,567,635,100,4
2661,964,913,50,7
2662,79,505,85,2
2663,417,883,85,37
2664,205,849,55,10
2665,979,376,100,47
2666,838,183,95,20
2667,106,429,100,43
2668,224,500,75,30
2669,91,588,80,6
2670,539,874,65,4
2671,402,544,70,38
2672,715,49,70,37
2673,659,844,70,7
2674,437,506,70,13
2675,118,399,100,47
2676,432,944,100,17
2677,79,482,75,47
2678,275,593,75,11
2679,318,706,90,14
2680,249,488,100,15
2681,768,303,85,12
2682,516,231,100,36
2683,926,991,85,47
2684,697,613,75,27
2685,157,494,100,33
2686,619,648,95,37
2687,796,985,55,44
2688,449,829,65,5
2689,331,572,60,28
2690,645,757,75,26
2691,853,506,70,42
2692,927,958,85,47
2693,724,193,85,8
2694,125,713,55,23
2695,586,613,90,37
2696,101,845,60,48
2697,326,240,55,35
2698,223,795,85,4
2699,9,917,100,35
2700,613,410,95,19
2701,794,981,55,48
2702,713,678,50,33
2703,139,645,95,9
2704,576,768,55,28
2705,720,111,55,6
2706,337,667,70,27
2707,429,411,70,18
2708,899,212,80,47
2709,197,957,100,7
2710,490,710,55,39
2711,673,232,90,17
2712,724,942,50,50
2713,667,176,95,31
2714,97,705,75,21
2715,831,829,60,48
2716,190,752,70,33
2717,316,924,65,48
2718,665,810,100,35
2719,173,304,90,43
2720,160,686,75,47
2721,162,710,60,17
2722,8,715,85,48
2723,422,360,100,32
2724,121,685,70,37
2725,674,67,100,48
2726,281,9,85,31
2727,106,317,50,5
2728,636,553,85,37
2729,919,198,90,9
2730,319,851,100,11
2731,859,333,75,17
2732,521,932,60,23
2733,881,78,55,12
2734,28,659,55,50
2735,328,632,100,48
2736,37,650,90,3
2737,492,392,90,12
2738,598,680,60,27
2739,615,178,85,38
2740,240,238,95,5
2741,583,257,95,28
2742,641,843,100,27
2743,624,694,80,48
2744,803,814,50,11
2745,670,647,90,29
2746,3,388,75,48
2747,525,763,65,37
2748,196,207,65,38
2749,976,244,100,25
2750,380,105,85,6
2751,447,925,80,21
2752,520,446,80,50
2753,832,295,100,35
2754,745,576,60,8
2755,568,338,50,2
2756,276,210,65,45
2757,592,883,85,2
2758,624,279,95,3
2759,864,647,85,4
2760,583,438,65,33
2761,291,335,90,5
2762,860,883,90,42
2763,46,265,90,50
2764,5,39,80,47
2765,281,140,80,50
2766,218,957,95,16
2767,758,748,60,4
2768,683,387,85,50
2769,441,461,50,38
2770,468,17,90,17
2771,469,718,70,34
2772,894,885,70,40
2773,599,53,60,45
2774,637,451,80,33
2775,27,987,70,36
2776,816,975,85,28
2777,106,345,100,13
2778,429,443,95,28
2779,669,347,75,5
2780,967,21,85,20
2781,504,679,100,19
2782,210,291,75,27
2783,626,909,75,30
2784,590,530,60,29
2785,332,778,85,27
2786,801,419,75,45
2787,497,352,70,7
2788,845,730,95,34
2789,923,183,60,34
2790,74,483,55,30
2791,922,340,95,19
2792,308,982,85,32
2793,339,58,95,24
2794,552,332,50,4
2795,439,763,65,21
2796,896,851,75,50
2797,645,422,60,50
2798,530,663,60,5
2799,777,767,60,29
2800,688,395,60,27
2801,227,20,95,16
2802,23,789,50,15
2803,450,563,60,49
2804,87,991,80,44
2805,2,778,70,24
2806,151,929,60,25
2807,471,359,85,16
2808,50,913,65,2
2809,425,151,95,47
2810,766,433,50,31
2811,697,289,70,50
2812,413,521,50,48
2813,766,757,80,16
2814,108,551,75,7
2815,201,228,80,34
2816,91,489,75,11
2817,460,904,100,11
2818,908,458,70,31
2819,692,424,80,49
2820,251,966,85,25
2821,714,43,55,10
2822,834,508,75,47
2823,990,792,90,14
2824,701,294,85,50
2825,860,515,100,38
2826,602,363,95,3
2827,768,471,50,48
2828,986,772,75,15
2829,399,477,80,48
2830,289,26,80,40
2831,24,982,65,14
2832,479,364,60,33
2833,360,205,80,16
2834,325,773,65,18
2835,668,796,60,11
2836,808,34,90,24
2837,585,872,80,12
2838,816,419,90,16
2839,744,519,85,10
2840,740,270,65,33
2841,671,673,100,13
2842,351,977,60,23
2843,886,694,95,15
2844,441,33,55,4
2845,883,981,65,16
2846,30,876,85,48
2847,72,62,50,2
2848,599,772,90,46
2849,80,81,95,21
2850,854,322,60,43
2851,561,105,65,18
2852,515,221,50,15
2853,807,952,85,2
2854,79,320,70,14
2855,460,436,65,16
2856,524,499,65,45
2857,738,473,55,42
2858,410,688,100,36
2859,561,907,90,15
2860,759,382,90,19
2861,414,352,75,27
2862,18,540,100,7
2863,283,736,60,25
2864,709,238,100,33
2865,589,722,90,42
2866,931,293,50,19
2867,285,859,85,16
2868,639,548,85,8
2869,69,260,95,35
2870,222,897,100,42
2871,386,34,75,50
2872,462,889,100,45
2873,260,465,55,32
2874,172,268,80,38
2875,848,132,100,26
2876,621,269,90,3
2877,953,919,100,42
2878,939,740,80,20
2879,661,232,75,47
2880,551,938,75,21
2881,424,318,70,48
2882,491,310,60,8
2883,993,209,75,33
2884,518,691,100,46
2885,364,527,90,16
2886,923,968,85,41
2887,548,835,100,12
2888,974,637,80,20
2889,654,172,50,22
2890,564,617,65,47
2891,829,592,60,42
2892,939,175,85,14
2893,339,370,100,40
2894,386,472,80,35
2895,221,551,90,25
2896,602,226,95,15
2897,561,913,70,48
2898,750,57,60,35
2899,839,265,90,15
2900,266,131,100,38
2901,320,937,50,16
2902,589,475,95,31
2903,782,868,95,40
2904,178,65,85,45
2905,484,927,100,35
2906,90,303,65,45
2907,202,256,65,7
2908,372,201,75,3
2909,329,229,65,12
2910,828,315,55,40
2911,452,546,90,25
2912,916,49,95,45
2913,370,629,80,24
2914,328,468,75,7
2915,244,768,100,45
2916,908,311,50,10
2917,612,606,75,2
2918,962,629,80,29
2919,350,157,80,49
2920,701,85,100,35
2921,24,430,80,42
2922,657,390,100,4
2923,18,61,80,43
2924,164,681,85,16
2925,415,549,70,33
2926,156,704,80,32
2927,365,951,55,21
2928,666,801,95,38
2929,978,150,100,36
2930,647,278,80,17
2931,764,4,60,37
2932,143,678,95,24
2933,505,133,95,7
2934,51,721,50,16
2935,32,48,90,23
2936,935,866,60,21
2937,631,506,60,32
2938,825,196,80,12
2939,149,625,60,8
2940,343,191,75,24
2941,340,694,95,50
2942,724,953,80,17
2943,17,826,100,30
2944,566,30,70,15
2945,269,14,95,45
2946,868,308,80,16
2947,462,978,95,40
2948,43,736,70,41
2949,892,86,75,40
2950,447,402,70,2
2951,210,37,65,37
2952,338,643,95,24
2953,825,138,75,49
2954,544,521,70,28
2955,746,902,75,29
2956,714,934,100,43
2957,76,211,75,14
2958,427,663,55,32
2959,864,606,50,34
2960,101,819,85,15
2961,570,392,50,5
2962,494,851,60,49
2963,925,904,55,3
2964,220,522,100,11
2965,125,779,85,15
2966,878,534,80,44
2967,748,252,80,16
2968,316,76,100,49
2969,266,471,60,24
2970,981,371,80,44
2971,132,575,85,15
2972,904,96,60,12
2973,486,221,65,20
2974,747,227,90,30
2975,506,9,70,38
2976,886,523,65,40
2977,835,642,55,29
2978,855,819,100,27
2979,608,913,50,8
2980,894,908,95,9
2981,735,550,50,40
2982,540,224,50,21
2983,215,43,90,35
2984,438,549,80,27
2985,497,929,50,49
2986,515,19,85,15
2987,286,332,60,28
2988,492,997,70,21
2989,589,334,85,37
2990,343,151,95,42
2991,652,206,65,44
2992,331,919,85,34
2993,615,644,75,41
2994,282,551,75,42
2995,90,991,70,7
2996,995,540,85,29
2997,439,455,50,41
2998,860,767,100,3
2999,435,264,95,14
